$ANSIBLE_VAULT;1.1;AES256
34386637653137393538626338653234313239353634333765613631633539383362383135326330
6133303035366436313161636637303737363438356438370a323838363131336330656535663463
39333761616130313061333164643530633031326139363933366235643737656665336334373132
3261643563633265380a663062646130366531613461373936653362373562316637653862376235
65383631373163373462663065303430306339663835353531626561646461636538303639333363
35616432343036313331323661623362336330333532363435626230323066326563343965653433
62626132633530316633313230343964363431623931306130303436663863313763313734376566
39656637343033376239623566653134633364323864643332353635343862333536623239663731
34356135323131623263363866353166353565333730653766373461333534393535613434613438
39643035336430616431303062383039333663396132333233303837666565306334323239303263
36316531653032663232336266356662626631303434373131666362663232313762383734346130
35636636616233373132386661613235613336613139343836653238623034613436643862326436
64306362643431633538343363393035393535376336616233666338343730353564376331346664
65396234633363303364666536636536366536393139343432303466653562623363333139363366
30323535383238373637376338643438396136333234633864303736386438326165656238313536
37666336626232303661316437613962383230613464613766323938346266353434373432393531
38366639656363396539386532356362306637323737366239326331643035376134333633366331
64313632313062363736643032616466363332623536656337666639383864393039616438326262
35366434336465653066623731323137623562336534656639616338643336643931633862663835
62303063353333306165306638663365373561363239643265656630613863313664336264353965
33366162376338646538323566333230313037616236323461396635396365356232663932653533
37343262326365313339316165313562363663343632623931636564313666386162313135613536
37313838653561633663326330396531626138363832623766353439613465653862623938306161
61626434666130646365363563363239636666333038383161613331313462376632643261663937
32383737653130303030336161656666636334616531393962623030656161353764323161663537
31333136373061303362326633356134613031393238633539323464383330313434616534313433
63303732343332613734333736366631313935653464363630323963623838613031616266363930
63646262646236363861393835643763343162666631623035626166343063316332313866353031
65653863333530653831363632363837326433306566626334306339333132643563376335373234
61646539323266393564626633333436646264383461653132366538613636383035643066626532
35363238363934623764336238363463646566333364363838393330363935336133643234363932
39336435343635633234333466353066313136373262313466646433353664363932396134303930
39303865316362323630646239363032623037376431656364303337653464313638306564653933
64323666623433383761636565356435373264346337396135666364343435343164353330346137
62376338646631366630343230373634663166323565333138623765616636376336666163616362
37306136303064326362336463643931613632623562376230383033623936303132346465366130
37343538353930643739356630353736393461356666316166303465396339346465303762336130
63306365343734303530363433363230613261303261323039383131373636643031303436616561
39616565373565336537656635646534316266646430623338316366623731616364336339386634
32353534633239386265353733363239306161323463336663313737333964383166646435326637
33336635646361313964633761306637353661633339633965333536333035646538316461396332
34333430616134616138323431356232623831313863353232396561386564643339303134643831
31323865653331636432396133343534356135353563373666663463343631333563313962316362
64656538303537386330346463383230396431363063643236623438626461316339646638623431
33633639636334626466313737333531613137653039323861313262386530346334643964653838
64663563663066303535303235653364656535613066663038373135343962396162323136373639
63636631326138623039613166313634333635323165666639343232643231386164666539363634
63653961313863343837326561623837636362366537393961383864323562666562333334646533
62623533656333623633333934336134633863303131646236313332653763393133376636333563
66616166346534636366333463656565383735306131383930663563363533653234306161396265
35323765663865333130323338653232663664393838386432383661633137356432386462383935
36356232373234383134663435656335346337643263653533373632313032623439303134613835
37393663306566306461623231396661616265643164353463613433616139353632383262636235
33336664633666366130313835363134623361393962626633323265323862353536333132656533
35383963326631623435323835303830303363653566316565393934393064633763353137333236
65386339396532393936643037363537343963363339373230623032383639356633623965393462
30383636343562313032346534633966656239636136316133383433356637393965643634643465
62353634613639316335366466633834313134353137363333376537333933383539313435626462
31366339363531376632393066643362366234303065633730376464373432653630643134383230
32383639323238653635346664346364353232343332303933653739633837333837313562303632
37333866333062393230663364396561666162303534633230653539336234336364623836396239
62323662363739363435633262343961656632353935323230353930353064393163626330623965
34303362636437353434366331326532353539623462666463666539376165663232353833333835
39623731343235623833376562666163323037346461363566383534353366376463343362396664
65616465363565346565313165303665323736373964313338643534336464623338316264353464
39663263663866353939396433616338663530386231643538353530643336643034623561366632
38393334366233643465303738346639343934313339656661376534366336623861333633383066
30383733356539623533323761396635663961333237653463336235363362353766623035333538
62623565646161663664363661343336303966383962663934643531356331646265366430633838
32623831643933333132356430663230396531336665356264313334643136313661613731383763
33373330306531353762303832666430346366393464666530356236626166356439313162316361
34393862396133393732346337343231393663633231613733663430643761393264366538646230
30656563353832633037356539326634313864326466636630393066666338363431643532303732
31626662613863643263613864316662386364316337653336643338666337626462653639653162
39666130363765393966626664306665643437383961333965666666663837626131353438386562
63363338323361383137393232306462666262373464306130636239366663613433373236363331
38346632306435633539656266636565373231396239323631656330636333323532346334396666
39393634623832656465633463653533336432333761623063383561633631353934313835626335
33616561396261663738306561633731643464663038643364363730383161616331366663396635
63306566323631656163363435646438363764633666653533353164323066356438666237393135
37613061353836616131303030643264623131376265636239393233346261366234626538633939
31303233646465653233633866376465373239326638366133316138313634313765306337333632
37313465616262613730656561343664306264616234303632313833343461333538303731616561
64633737663661363734366333386434613538353638376364343836613333613234663563613462
33646333316436393831616635643661386230356534626164356534356332316139656538356531
37393866386233306537366230373639623931653834396436396666643434303937623830316338
61633965336266343636336135323637656263356262356638366431626164633862333133653863
39633534323761333165313931623534313838643634666461623961333466646562376564323462
39653334356239343531613431336161376264616538383336333232333238366437376638323062
64313564343839303437366333393766353434373639623066666437376262623634643130326666
64316463376263616136366266356361656666613934643939346462663230323665626566653835
36613765663561643135376637383035306266306565323934663963323462353036303162613838
37373830376330656362333335396234663337383137373135383335323733653437633335623736
31373030356537303061303566663038303736316136356637333537626538633238393434623262
33663334663735643961313263373566663666386333633366616564303461623865303363623432
35323164643662323664663836303939636132613931623537386263343137646466393966393638
31396233366361386530653038303233313466326563353930383866613839353835353063373837
35396437663938613935643230346338366463653731656132336465383634313362316662346336
62623734653839303035303034376132646365356139393230313262356630306563626232663431
65666463306634313264636336396663363334623732333533613934306134306430303530653963
66616233363261313263643962363934323831363737333833623239643766333038623663363935
37313234343862323031383765396233386133376162616532363833353636613835616637363835
38323239613638623665393464323761383464343763333437663166653432336165396433376435
62393331316633613161396564366230376537663064396530393564666166303434396464663664
63323961386661336131386635666133376337643434633961336533363166336533643832343761
34316464343066323862393330353765356632363336666238363666646533376566383135633564
38306234626639616638626362383061636365316366663963373065383565613865633865366137
31373136303661393333623136313565376665613036653330346165613831353062663662386566
39356336353763376161613038323366333766303631373564663838303439326537646665626334
34313661333866636464663066333861313832366437323262363138623464616132306535363865
65343764666265643064666138386564323730643730333638303930626163663439313631613464
36393762303333373463633731616130373865333932626565613931366332303163363866626263
33376631346136613531356535383931383732316163383136343830616164346663303966643737
66613430653065633064613661326132666335323861663537333438633431373238363537613764
34646336656330653638396564646538303034313536303634623831346431313534373164663562
33663435303536636239656130613038613463303762303635383961323838363762333161653537
38663034393935383231343261303032383236633333666333396136333139626264663739363435
65326433663136363632346135373030313432666533383430653763613837653731396439383234
39326231353263663962663864373536303465343134373933663638333831616132643935303531
35663566323430616465636634666632653863613538643538346536616336613266616339626261
32653935666537626464303031313336643132616333646539393361333264626161633335326262
38373633616366633362373734316239303234326232333638306538326231666564366534633337
65363565663561333739623461373262396664383430613231666334303133383562643336616132
33623564336338613338663834636362346637333031613634386266626432336631653965383665
33633230313331643165616463333432653335333536353863323131396633316139363532373036
38326334313064333831633561653132666337363431366463613264316531343534383036353166
35653736363136386330303266636364343833633730326134626361373639666432316237663539
37643363353433366161653363653337633230343763353738646366383239373766613037363930
30653832386165333961313266646536623734316138353330353563333966303562636161363561
39313165643439383365306436346562393734363435393461626635626565666339336239376264
62633664343365636334636164333261376130383638613136343334623334643065356161303534
39313437653062343132663065333164656566623336343636393335643966396664383632356539
31653636393833333639376565306639383831636432653261366237393061636238643465663834
65373132613931393138313462616461626666366462393831656461656364346164666635383932
36356138616139623866366238363665653166333762333131353963346665386331313337353062
35333134356562343733396630613163356232656465636235313936353137636465396633626333
3536
